id,correct,incorrect,null,total
1,1214,66,0,1280
2,7101,493,2,7596
3,585,45,0,630
4,5960,457,4,6421
5,3256,219,0,3475
6,4945,391,1,5337
7,1990,184,1,2175
8,5878,656,3,6537
9,4536,324,0,4860
10,280,35,0,315
11,6026,409,1,6436
12,5774,436,0,6210
13,6702,376,0,7078
14,1633,91,1,1725
15,5774,314,0,6088
16,4769,292,0,5061
17,3283,202,0,3485
18,4841,326,3,5170
19,161,9,0,170
20,5809,316,1,6126
21,2773,177,0,2950
22,1644,97,4,1745
